------------Circuito 0------------

 0	2	
 0	1	
 0	4	
 4	5	
 4	3	

------------Circuito 1------------

 0	5	
 5	3	
 2	4	
 0	1	
 3	2	

------------Circuito 2------------

 0	2	
 2	1	
 0	4	
 5	3	
 1	5	

------------Circuito 3------------

 0	4	
 2	5	
 0	2	
 2	1	
 4	3	

------------Circuito 4------------

 0	4	
 2	3	
 1	5	
 0	2	
 4	1	

------------Circuito 5------------

 0	4	
 0	1	
 3	5	
 0	2	
 4	3	

------------Circuito 6------------

 0	1	
 5	2	
 1	4	
 3	5	
 1	3	

------------Circuito 7------------

 0	4	
 0	1	
 2	3	
 3	5	
 1	2	

------------Circuito 8------------

 0	5	
 2	1	
 3	5	
 5	4	
 1	3	

------------Circuito 9------------

 0	5	
 4	1	
 2	4	
 2	3	
 5	2	

------------Circuito 10------------

 0	5	
 2	1	
 3	4	
 5	2	
 1	3	

------------Circuito 11------------

 0	5	
 2	1	
 3	1	
 5	5	
 4	2	

------------Circuito 12------------

 0	5	
 1	3	
 1	4	
 1	2	
 0	1	

------------Circuito 13------------

 0	5	
 3	2	
 2	4	
 0	1	
 5	3	

------------Circuito 14------------

 0	5	
 4	3	
 1	2	
 5	2	
 5	3	

------------Circuito 15------------

 0	5	
 2	1	
 3	4	
 5	2	
 5	3	

------------Circuito 16------------

 0	2	
 4	3	
 1	5	
 0	2	
 1	3	

------------Circuito 17------------

 0	4	
 4	5	
 5	3	
 3	2	
 2	1	

------------Circuito 18------------

 0	4	
 4	1	
 0	5	
 1	2	
 1	3	

------------Circuito 19------------

 0	5	
 2	3	
 0	2	
 4	5	
 1	2	

------------Circuito 20------------

 0	5	
 2	3	
 0	4	
 2	1	
 5	4	

------------Circuito 21------------

 0	5	
 5	3	
 2	4	
 0	2	
 0	1	

------------Circuito 22------------

 0	5	
 4	1	
 2	4	
 2	1	
 5	3	

------------Circuito 23------------

 0	4	
 4	5	
 5	3	
 3	2	
 1	3	

------------Circuito 24------------

 0	5	
 2	3	
 0	2	
 3	1	
 4	2	

------------Circuito 25------------

 0	5	
 2	3	
 0	2	
 4	2	
 0	1	

------------Circuito 26------------

 0	5	
 2	3	
 0	2	
 4	2	
 1	3	

------------Circuito 27------------

 0	5	
 2	3	
 0	4	
 2	5	
 1	2	

------------Circuito 28------------

 0	5	
 2	3	
 0	2	
 4	1	
 5	4	

------------Circuito 29------------

 0	5	
 2	3	
 0	2	
 4	1	
 3	2	

----------------------------------

